86 vehicle.chevrolet.impala 2.35 189.22 -0.05 1.41 2.03 5.36 0.00 -90.36 0.00 0.00 0.00 0.15 0.00 0.00 1.75
87 vehicle.harley-davidson.low_rider -88.31 21.53 -0.06 1.39 0.76 2.36 0.11 89.86 -0.10 0.01 -0.00 0.19 -0.23 -0.03 2.18
88 vehicle.mustang.mustang 125.36 -135.59 7.95 1.30 1.89 4.72 0.00 -178.77 0.00 0.00 -0.00 0.15 0.00 -0.00 2.34
89 vehicle.lincoln2020.mkz2020 -74.03 123.92 0.01 1.48 2.23 4.89 0.09 -90.16 0.02 0.00 0.00 0.03 0.00 0.01 1.63
90 vehicle.dodge_charger.police -6.44 -79.05 -0.07 1.55 2.04 4.97 0.57 92.00 0.25 -0.01 -0.01 0.17 -0.05 -0.08 2.45
91 vehicle.gazelle.omafiets 242.37 -10.08 -0.05 1.48 0.33 1.84 0.25 -88.61 0.00 -0.00 0.00 0.15 -0.00 0.00 1.87
92 vehicle.mercedes-benz.coupe 157.33 8.87 0.13 1.64 2.15 5.03 0.44 0.86 -0.02 0.00 0.00 0.01 -0.00 -0.00 0.20
93 vehicle.toyota.prius 86.26 4.31 0.01 1.52 2.01 4.51 0.00 0.86 0.00 0.00 0.00 0.12 -0.00 0.00 1.07
94 vehicle.chevrolet.impala -74.39 21.43 -0.00 1.41 2.03 5.36 -0.23 -90.17 0.08 0.00 -0.00 0.15 -0.00 -0.01 2.22
95 vehicle.chevrolet.impala 144.76 -135.17 7.95 1.41 2.03 5.36 0.00 -178.77 0.00 0.00 -0.00 0.15 -0.00 -0.00 2.38
96 vehicle.kawasaki.ninja 34.65 -193.13 -0.04 1.22 0.00 2.03 0.00 1.44 0.00 0.00 0.00 0.16 0.00 -0.00 1.61
97 vehicle.lincoln2020.mkz2020 120.36 -193.90 -0.04 1.48 2.23 4.89 0.00 0.00 0.00 0.00 0.00 0.03 0.00 0.00 1.58
98 vehicle.audi.etron 5.00 55.39 -0.08 1.65 2.03 4.86 0.00 -88.89 0.00 -0.00 0.00 -0.02 -0.00 -0.00 4.22
99 vehicle.bmw.isetta -97.62 19.08 -0.03 1.38 1.48 2.21 0.10 134.65 0.18 -0.00 -0.00 0.14 0.00 0.01 1.49
100 vehicle.mercedesccc.mercedesccc 149.96 -102.34 7.97 1.44 2.00 4.67 0.00 91.00 0.00 -0.00 -0.00 0.10 -0.00 -0.00 1.12
101 vehicle.chevrolet.impala 10.14 -146.58 -0.05 1.41 2.03 5.36 0.00 -88.59 -0.00 -0.00 0.00 0.15 0.00 -0.00 1.76
102 vehicle.lincoln2020.mkz2020 -42.35 -2.84 -0.04 1.48 2.23 4.89 0.00 -179.71 0.00 0.00 -0.00 0.03 -0.00 -0.00 1.58
103 vehicle.seat.leon -5.76 155.69 -0.03 1.47 1.82 4.19 0.00 89.64 0.00 -0.00 -0.00 0.09 -0.00 -0.00 0.80
104 vehicle.charger2020.charger2020 244.32 53.67 -0.03 1.53 2.10 5.01 0.01 -88.61 0.04 -0.00 -0.00 0.10 -0.01 -0.00 1.03
105 vehicle.kawasaki.ninja -36.63 -194.92 -0.04 1.22 0.00 2.03 0.00 1.44 0.00 0.00 0.00 0.16 0.00 -0.00 1.61
106 vehicle.mini.cooperst -84.77 37.04 0.24 1.48 1.97 3.81 1.36 89.79 -0.00 0.00 -0.00 0.15 0.00 -0.04 2.06
107 vehicle.lincoln.mkz2017 -148.97 -72.45 0.35 1.51 2.13 4.90 -0.74 90.03 0.00 -0.00 0.00 0.07 -0.00 0.00 0.44
108 vehicle.bmw.isetta -85.21 -126.87 -0.10 1.38 1.48 2.21 0.37 89.84 -0.16 0.00 -0.00 0.15 -0.00 0.04 2.76
109 vehicle.chargercop2020.chargercop2020 230.82 32.61 -0.02 1.64 2.10 5.24 -0.01 91.39 0.04 0.00 -0.00 0.09 0.01 -0.00 0.75
110 vehicle.lincoln2020.mkz2020 -18.17 9.45 -0.04 1.48 2.23 4.89 0.00 61.81 0.00 -0.00 0.00 0.03 -0.00 -0.00 1.58
111 vehicle.charger2020.charger2020 44.42 7.18 -0.02 1.53 2.10 5.01 0.01 0.86 0.04 0.00 -0.00 0.09 0.00 -0.01 0.75
112 vehicle.tesla.model3 220.15 6.31 -0.02 1.49 2.16 4.79 0.00 0.86 0.00 -0.00 0.00 0.09 0.00 0.00 0.73
113 vehicle.lincoln.mkz2017 239.62 98.08 0.30 1.51 2.13 4.90 -1.03 -88.61 -0.00 0.00 -0.00 0.08 0.00 -0.01 0.62
114 vehicle.bmw.isetta 192.45 6.31 -0.03 1.38 1.48 2.21 0.40 0.86 -0.00 -0.00 -0.00 0.14 0.01 -0.00 1.59
115 vehicle.bh.crossbike -84.81 21.53 -0.03 1.36 0.86 1.49 0.69 89.88 0.35 0.00 0.00 -0.04 -0.01 -0.06 4.70
116 vehicle.chevrolet.impala 1.43 40.51 -0.05 1.41 2.03 5.36 0.00 -88.89 0.00 -0.00 -0.00 0.15 0.00 0.00 1.75
117 vehicle.mustang.mustang -55.05 0.55 -0.04 1.30 1.89 4.72 0.00 1.67 0.00 -0.00 0.00 0.15 -0.00 0.00 1.72
118 vehicle.chevrolet.impala 13.99 134.39 -0.05 1.41 2.03 5.36 0.00 -0.82 0.00 -0.00 0.00 0.15 0.00 0.00 1.75
119 vehicle.jeep.wrangler_rubicon 9.28 -105.34 -0.05 1.88 1.91 3.87 0.03 -88.59 -0.01 0.00 0.00 -0.01 0.00 -0.00 3.75
120 vehicle.harley-davidson.low_rider 227.31 -5.09 -0.10 1.33 0.76 2.36 -0.19 -179.14 0.00 -0.00 -0.00 0.13 -0.00 0.00 3.16
121 vehicle.nissan.patrol 6.32 -25.30 -0.05 1.85 1.93 4.60 0.02 -108.03 -0.00 0.00 0.00 -0.01 -0.00 -0.00 3.73
122 vehicle.yamaha.yzf 15.64 -197.11 -0.12 1.25 0.00 2.21 0.03 1.44 0.07 0.00 0.00 0.17 -0.01 -0.03 2.55
123 vehicle.tesla.cybertruck -50.59 203.19 -0.07 2.10 2.39 6.27 0.00 12.33 0.00 0.00 -0.00 -0.02 0.00 -0.00 4.06
124 vehicle.tesla.model3 -5.71 179.83 -0.02 1.49 2.16 4.79 0.00 89.64 0.00 -0.00 -0.00 0.09 -0.00 -0.00 0.73
125 vehicle.carlamotors.carlacola -107.51 136.12 -0.10 2.47 2.61 5.20 0.00 -0.60 0.00 0.00 -0.00 -0.17 -0.00 -0.00 4.53
